Gene_name	interaction_scores	phylogenetic_scores	motif_score	pa_score	single_cell_score	ciliacarta	total_score_sums	is.ciliary
ABCA4	0.476002717093406	0	0	0	0.408120228530558	-6.18125541220833	0.884122945623964	1
ABHD2	0	0	0	0	0.580712633235936	-5.9162294123353	0.580712633235936	1
ABHD6	0.345669481179642	0	0	0	0.107392800368755	2.4104595445501	0.453062281548397	1
ACTL7A	0	0	0	0	0	-5.9162294123353	0	1
ACTR1A	0.627540937700922	0	0	0	0	-3.69304694088645	0.627540937700922	1
ACTR3	0.707438806714994	0	0.206012245631511	0	0.0460225634800905	-5.17775796797211	0.959473615826596	1
ACTRT1	0.557612036626337	0	0	0	0	-6.38310584313376	0.557612036626337	1
ADAMTS16	0	0	0	0	0	-5.9162294123353	0	1
ADCY10	0	0	0	0.2	0	-7.2917385474275	0.2	1
ADGB	0	0	0.881785537258909	0.6	0.643670742963632	2.51064053111917	2.12545628022254	1
AGBL2	0.440768628223223	1	0.666918281034607	0.2	0.615003410153233	6.47210830821763	2.92269031941106	1
AGBL4	0.690800195703451	1	0.713355788517502	0.6	0.195689881914438	-3.50735009252524	3.19984586613539	1
AK1	0	0	0	0.2	0.153931896675992	4.18507192323392	0.353931896675992	1
AK2	0.488165146105415	0	0	0	0	-4.18079899212224	0.488165146105415	1
AKAP3	0.637916480044355	0	0	0	0	-2.830042529174	0.637916480044355	1
AKAP4	0.46618316553065	0	0	0	0	-4.88285922761744	0.46618316553065	1
AKAP9	0.755209644856872	0	0.51269643845783	0.1	0.514956396151747	3.1053367686831	1.88286247946645	1
AKAP14	0.755845957493469	0	0	0.6	0.712445668905557	1.9395976392392	2.06829162639903	1
ALDH1A1	0	0	0.454708584546035	0.2	0.556925111243582	1.88622084917019	1.21163369578962	1
ALG9	0.534379509235218	0	0	0	0	-8.38901673453166	0.534379509235218	1
AMBRA1	0.685461844207276	0	0	0.2	0	-6.28824110319128	0.885461844207276	1
ANKMY2	0.635148610351755	0	0	0	0	-2.98773199193882	0.635148610351755	1
ANXA1	0.622954367465815	0	0	0.6	0.296741666879404	-1.30035685917572	1.51969603434522	1
AP3M2	0.563496791500869	0	0	0	0	2.45341663732582	0.563496791500869	1
APOBEC4	0.52426732821474	0	0	0.2	0.575173347036697	3.91602240669301	1.29944067525144	1
APOO	0.25219208149879	0	0.454708584546035	0	0.333193043538464	2.45341663732582	1.04009370958329	1
APP	0.670482261714936	0	0.29000223635399	0	0.451210444348779	-2.50385264828901	1.4116949424177	1
ARFGEF2	0.669214129150043	0	0.29000223635399	0	0	-1.28416762107639	0.959216365504033	1
ARHGAP35	0.560447955243464	0	0	0.2	0.0859132174577222	-4.91273196809907	0.846361172701186	1
ARMC3	0	0	0.860221211419655	0.6	0.842836365316804	5.35197440328549	2.30305757673646	1
ARR3	0.582112810709037	0	0	0	0	-4.69654438512268	0.582112810709037	1
ARRB2	0.727232280455528	0	0	0	0.380628739739516	-7.77295213027693	1.10786102019504	1
ATG7	0.63379829079994	0	0	0	0	-4.16460975402291	0.63379829079994	1
ATG14	0.679459622149609	0	0	0	0	-7.30792778552683	0.679459622149609	1
ATG16L1	0.57278586575962	0	0	0.2	0	-7.77295213027693	0.77278586575962	1
ATP2A2	0.619441393676299	0	0.29000223635399	0	0.537321577568229	2.62856694559337	1.44676520759852	1
ATP2B4	0.421919990819312	0	0	0	0.355480393805183	-0.180222954243573	0.777400384624495	1
ATP6V1C1	0.291890240699875	0	0	0.2	0	-2.02816197101062	0.491890240699875	1
ATP6V1D	0.536264146925855	0	0	0	0.398951969420883	-0.783809818452924	0.935216116346738	1
ATP6V0D1	0.499426764596074	0	0	0	0.0669907277503841	-0.164033716144243	0.566417492346458	1
ATP8A2	0.661264343312308	0	0	0	0	-1.1974039008621	0.661264343312308	1
AVIL	0.719316101540585	0	0	0	0	-7.30792778552683	0.719316101540585	1
BEST2	0	0	0	0	0	-8.77644957451316	0	1
BRWD1	0.512706819591593	0	0	0	0.0639201701986561	-5.9162294123353	0.576626989790249	1
C1orf194	0	0	0	0.6	0.977119310635607	4.34847695904926	1.57711931063561	1
C2orf73	0.375422427318271	0	0.454708584546035	0.2	0.695717002507437	3.91602240669301	1.72584801437174	1
C5orf49	0	0	0.570260649643344	1	0.926358831104688	4.34847695904926	2.49661948074803	1
C6orf118	0.536287251148402	0	0.454708584546035	0.2	0.806890111283969	4.34847695904926	1.99788594697841	1
C7orf57	0.73213242956279	0	0.29000223635399	0.6	0.698445688968413	1.9395976392392	2.32058035488519	1
C9orf24	0.407032126241067	0	0	0.6	0.9564667169406	1.9395976392392	1.96349884318167	1
C9orf116	0.656184523163741	0	0.29000223635399	0.6	0.8981464817202	4.34847695904926	2.44433324123793	1
C9orf135	0	0	0.679677101886942	0.2	0.901738944902691	1.9395976392392	1.78141604678963	1
C11orf49	0.748041355676871	0.9	0.792382947429033	0.2	0.549340964066857	1.55010017965866	3.18976526717276	1
C20orf85	0.442287524724667	0	0	0.6	0.976469813205576	4.34847695904926	2.01875733793024	1
C21orf58	0.338189886399162	0	0.628781672396548	0.2	0.780194001404313	1.55010017965866	1.94716556020002	1
CABCOCO1	0.503985940945248	0	0.694746747231159	0.7	0.761024935897579	2.22414470205534	2.65975762407399	1
CABS1	0.672189021116133	0	0	0	0	-8.77644957451316	0.672189021116133	1
CABYR	0.59141966301495	0	0	0	0	-3.99122943617505	0.59141966301495	1
CACNA1F	0.512390167234094	0	0	0	0	-2.13892968570148	0.512390167234094	1
CALCR	0.616578227851183	0	0	0	0.418038545043705	-8.77644957451316	1.03461677289489	1
CALML4	0	0	0	0.2	0.473951622169302	3.91602240669301	0.673951622169302	1
CAPS	0.751783010529564	0	0	0.2	0.904810747321601	1.9395976392392	1.85659375785117	1
CAPSL	0.738420171998181	0	0.801682477503678	0.6	0.902060351665808	2.94309508347542	3.04216300116767	1
CARS1	0.479149176935655	0	0	0	0.614303223301549	3.13647539510821	1.0934524002372	1
CASK	0.623921013323931	0	0	0	0	-4.69654438512268	0.623921013323931	1
CATSPER1	0.475035459503512	0	0	0	0	-7.30792778552683	0.475035459503512	1
CATSPER2	0	0	0	0	0	-5.23892184898406	0	1
CATSPER3	0	0	0	0.4	0	-7.2917385474275	0.4	1
CATSPER4	0	0	0	0.4	0	-6.38310584313376	0.4	1
CATSPERB	0	0	0	0	0	-6.3675702547031	0	1
CATSPERD	0	0	0	0.2	0.704315589844252	-0.8587791401514	0.904315589844252	1
CATSPERE	0	0	0	0.2	0.13898507473503	-3.90317325950985	0.33898507473503	1
CATSPERG	0	0	0	0	0	-7.30792778552683	0	1
CATSPERZ	0.528734401950766	0	0	0	0	-5.9162294123353	0.528734401950766	1
CC2D1A	0.797546433054211	0	0	0	0.0961415902724995	-2.31753780579424	0.89368802332671	1
CCDC17	0.481474230216137	0	0	0.6	0.920237253034978	1.9395976392392	2.00171148325111	1
CCDC32	0.370634206408509	0	0	0	0.0792647751281169	-5.23892184898406	0.449898981536626	1
CCDC33	0.600874978671686	0	0.595619793568828	0.2	0.253230155084445	1.55010017965866	1.64972492732496	1
CCDC63	0.577493830193363	1	0	0.4	0	-6.65281822534479	1.97749383019336	1
CCDC74A	0.464038171597838	0	0	0.2	0.830563982231912	1.9395976392392	1.49460215382975	1
CCDC74B	0	0	0	0.2	0.706069428036092	4.34847695904926	0.906069428036092	1
CCDC81	0	0	0.65935091118967	0.2	0.154226402778529	5.35197440328549	1.0135773139682	1
CCDC88A	0.750101919228984	0	0	0	0	-2.50385264828901	0.750101919228984	1
CCDC113	0.497711210443306	1	0.807574706824158	0.2	0.856361844473121	4.06322898840757	3.36164776174058	1
CCDC146	0.638019327234599	1	0.905211692365957	0.2	0.858891336423773	3.63077443605132	3.60212235602433	1
CCDC170	0.433321147286344	0	0.950189732636255	0.6	0.952376624375953	1.9395976392392	2.93588750429855	1
CCDC172	0.669309116683625	0	0	0	0	-8.77644957451316	0.669309116683625	1
CCDC173	0	0	0.853473243257343	1	0.792434953610119	3.91602240669301	2.64590819686746	1
CCDC183	0.699885309961799	0	0	0.4	0	-6.30443034129061	1.0998853099618	1
CCDC191	0.463551874618955	0	0.595619793568828	0.2	0.613351682666001	2.55359762389489	1.87252335085378	1
CCR6	0.212700899884282	0	0	0	0	-8.77644957451316	0.212700899884282	1
CCSAP	0.472226600869146	0	0	0	0	-7.30792778552683	0.472226600869146	1
CCT3	0.706825103655094	0	0	0	0	2.89228042653543	0.706825103655094	1
CCT8	0.717715328509095	0	0	0	0	-0.193906456625872	0.717715328509095	1
CDC14B	0.238555195358273	0	0	0	0.0997215207576716	-4.13903651594503	0.338276716115945	1
CDHR1	0.650440824780696	0	0	0	0	-4.71273362322201	0.650440824780696	1
CDHR3	0	0	0.809376252792619	0.6	0.90568584711266	2.94309508347542	2.31506209990528	1
CDK1	0.679046439320162	0	0	0	0	0.297086264230602	0.679046439320162	1
CDK5RAP2	0.835462002746432	0	0	0.1	0	-4.91273196809907	0.935462002746432	1
CDKL1	0	0	0.595619793568828	0.2	0.395836935393457	-3.99122943617505	1.19145672896229	1
CEP43	0.860778662014489	1	0.340260480708051	0.3	0.253842961958639	-1.90394372338507	2.75488210468118	1
CEP55	0.759793942572522	0	0	0	0	-7.30792778552683	0.759793942572522	1
CEP57	0.569311446544225	0	0	0	0.124744349145865	-3.99122943617505	0.69405579569009	1
CEP63	0.842818345469792	0	0	0	0.0848903801762444	-5.9162294123353	0.927708725646036	1
CEP70	0.599218526016117	0	0.340260480708051	0.1	0.107904219009494	-3.99122943617505	1.14738322573366	1
CEP76	0.710016880167047	1	0	0	0	-4.23542440474783	1.71001688016705	1
CEP126	0.634481229357783	0	0.899202445231489	0.2	0.78631060358912	1.50714308688295	2.51999427817839	1
CEP152	0.869337280868787	0	0.29000223635399	0.1	0	-4.91273196809907	1.25933951722278	1
CEP192	0.842536690540776	0	0	0.1	0	-7.30792778552683	0.942536690540776	1
CERKL	0.589878838332722	0	0.882940871973023	0.2	0.312088208063679	-6.38310584313376	1.98490791836942	1
CETN1	0.77709436774976	0	0	0	0	-4.16460975402291	0.77709436774976	1
CFAP20	0.780504215746236	0	0.467392884718111	0	0.509226989679596	4.86354381555803	1.75712409014394	1
CFAP45	0.721339103047924	1	0.744363609212772	0.6	0.816943852703654	7.47560575245386	3.88264656496435	1
CFAP46	0	0.9	0.845338878949468	0.2	0.643471426663661	-1.54715940055284	2.58881030561313	1
CFAP61	0	1	0.872511461424552	0.2	0.26865987890362	7.04315120009761	2.34117134032817	1
CFAP73	0.396148290435032	1	0.679677101886942	0.2	0.784560056044051	-4.25947449396539	3.06038544836602	1
CFAP74	0.443478685586222	0.9	0.724707083427821	0.6	0.634776533789588	-0.57885267212876	3.30296230280363	1
CFAP77	0.476002717093406	0	0.840559888279549	0.6	0.789503739455934	-6.38310584313376	2.70606634482889	1
CFAP91	0.716340841893063	1	0.920590857108654	0.6	0.707798419204154	7.04315120009761	3.94473011820587	1
CFAP206	0.607530988169383	1	0.454708584546035	0.6	0.592155305008624	3.63077443605132	3.25439487772404	1
CFAP299	0.522631536797711	1	0.754861437616577	0.2	0.558835050188585	3.67373152882703	3.03632802460287	1
CIB2	0.495861421959941	0	0	0.2	0	-7.2917385474275	0.695861421959941	1
CKAP5	0.694809083562035	0	0	0.3	0	0.504935596424994	0.994809083562035	1
CLASP1	0.717700741193098	0	0	0	0.0884703106614165	2.14864352094694	0.806171051854515	1
CLBA1	0	0	0	0.2	0.15972297131981	1.55010017965866	0.35972297131981	1
CLTB	0.636283275288835	0	0	0	0	-8.77644957451316	0.636283275288835	1
CLTC	0.716692283816426	0	0	0	0.34300824385291	2.8967657350231	1.05970052766934	1
CNGA3	0.508158116900327	0	0.570260649643344	0	0	-2.64372768667923	1.07841876654367	1
CNGB3	0.512390167234094	0	0	0	0	-7.77295213027693	0.512390167234094	1
CNOT10	0.584824218915436	0	0.29000223635399	0.1	0.101767195320627	2.10439766684127	1.07659365059005	1
CNTRL	0.833496650658093	0	0.29000223635399	0.1	0.569425642085754	-0.304481652968796	1.79292452909784	1
COPS8	0.62948900219652	0	0	0	0.301209856224348	2.10439766684127	0.930698858420868	1
COQ10A	0.46618316553065	0	0	0	0.120124936441353	1.55010017965866	0.586308101972003	1
CRHR1	0.361302424393913	0	0	0	0	-7.2917385474275	0.361302424393913	1
CSNK1A1	0.724106142518944	0	0	0	0.309401954671142	-1.56941559171808	1.03350809719009	1
CSNK1E	0.735947730477397	0	0	0	0.394606241102833	-2.7891006189307	1.13055397158023	1
CSNK1G1	0.590116690651956	0	0.29000223635399	0	0.372245603779993	1.62506950135714	1.25236453078594	1
CSNK2B	0.5840301670435	0	0	0	0	-1.56941559171808	0.5840301670435	1
CST11	0.615222085693583	0	0	0.2	0	-8.77644957451316	0.815222085693583	1
CYB5D1	0	0	0.206012245631511	0.6	0.587198376558637	3.63077443605132	1.39321062219015	1
CYFIP2	0.693426462322053	0	0	0	0	3.555321927146	0.693426462322053	1
CYRIB	0.555867410781328	0	0	0	0	-5.18835577015225	0.555867410781328	1
DAAM1	0.733974068284273	0	0	0	0.413013911083582	-4.71273362322201	1.14698797936786	1
DCTN1	0.811129300155105	0	0	0	0.0746620073614671	2.82595108429818	0.885791307516572	1
DCTN2	0.761160138422975	0	0	0.1	0	-3.69304694088645	0.861160138422975	1
DCTN3	0.632435160515658	0	0	0	0	0.768649077367057	0.632435160515658	1
DDAH1	0.494486876052984	0	0	0	0.524857473054336	1.97338439740035	1.01934434910732	1
DDX6	0.546473677043211	0	0	0	0.40249963124123	0.47169717711371	0.948973308284441	1
DEFB1	0.470134918399738	0	0	0	0	-8.77644957451316	0.470134918399738	1
DHRS3	0	0	0	0	0.456737520838565	-7.2917385474275	0.456737520838565	1
DIAPH2	0.595786123918013	0	0.29000223635399	0	0.196453631522191	-1.54715940055284	1.08224199179419	1
DIAPH3	0.744431628319409	0	0	0	0	-4.91273196809907	0.744431628319409	1
DLD	0.551135821925672	0	0	0	0	-4.16460975402291	0.551135821925672	1
DLG5	0.754149461782559	0	0	0	0.170223252019341	-2.830042529174	0.9243727138019	1
DMD	0.678052959315114	0	0	0	0.543569110040704	3.45691408156205	1.22162206935582	1
DNAAF8	0.555795056119196	0	0	0.2	0.347372310119778	1.55010017965866	1.10316736623897	1
DNAH3	0	0	0.779853489161822	0.2	0.711578167111895	4.67722897306326	1.69143165627372	1
DNAH8	0.614338303278856	0	0.206012245631511	0	0	-3.2404414612985	0.820350548910367	1
DNAH12	0	0	0.81277132512217	0.6	0.887926907811014	4.63427188028755	2.30069823293318	1
DNAH14	0.407492894448025	0	0	0.7	0	-2.7891006189307	1.10749289444802	1
DNAI7	0.705603421555381	1	0.899202445231489	0.6	0.696619634765767	1.9395976392392	3.90142550155264	1
DNAJA1	0.735891723888943	0	0	0.2	0.354297968791132	6.50589506637879	1.29018969268007	1
DNAJA4	0.601277337879029	0	0	0	0.662559440336489	4.99448917262771	1.26383677821552	1
DNAJB11	0.657057239707814	0	0	0	0	-3.69304694088645	0.657057239707814	1
DNAL4	0.698531616410979	0	0	0.7	0.593222016297182	2.2683496532532	1.99175363270816	1
DNHD1	0.566226516596552	0	0	0	0	-6.30443034129061	0.566226516596552	1
DNM2	0.716816866864586	0	0	0	0	-1.56941559171808	0.716816866864586	1
DSTN	0.464643984064418	0	0	0	0.268334819457837	2.62856694559337	0.732978803522255	1
DYDC1	0.606852954809616	0	0.29000223635399	0	0.115575498620576	1.55010017965866	1.01243068978418	1
DYDC2	0.585509470136554	0	0.29000223635399	0.6	0.766537217334047	4.34847695904926	2.24204892382459	1
DYNC1H1	0.807205937486404	0	0	0.1	0.379858624593687	-1.58560482981741	1.28706456208009	1
DYNC1I2	0.800164584352211	0	0	0	0.10943847493171	-3.69304694088645	0.909603059283921	1
DYNLT4	0.675758766003523	1	0	0.6	0.656887925771757	-6.38310584313376	2.93264669177528	1
DYRK2	0.779864789639893	0	0	0	0.18126661229812	-1.77191967231217	0.961131401938013	1
EEF1A1	0.667111690014986	0	0.559384402269189	0	0	2.88057649692377	1.22649609228417	1
EFCAB1	0.75014033601821	0	0.585435153817992	0.2	0.914425833396599	4.34847695904926	2.4500013232328	1
EFCAB2	0.390377164787636	0	0.454708584546035	0.2	0.683858026058099	2.65659925441159	1.72894377539177	1
EFCAB12	0	0	0.29000223635399	0.2	0.531955110748174	3.91602240669301	1.02195734710216	1
EFHC2	0.608896860504496	1	0.863204086158799	0.6	0.580607940989926	5.0667264326438	3.65270888765322	1
EFTUD2	0.625075088108623	0	0	0	0.0680135650318619	2.88057649692377	0.693088653140485	1
EIPR1	0.692817029693314	0	0	0	0	1.8887829822992	0.692817029693314	1
ELMOD2	0.457116763800055	0	0.29000223635399	0	0.134882192531483	2.10439766684127	0.882001192685528	1
ELMOD3	0.401323895740736	0	0	0	0.334453432616474	-8.77644957451316	0.73577732835721	1
EML1	0.769119545090724	0	0.340260480708051	0	0.221025669603599	6.51121656899784	1.33040569540237	1
ENAH	0.590147701022029	0	0	0	0.606559655259919	2.25313304645241	1.19670735628195	1
ENKD1	0.619505819776812	0	0.454708584546035	0.3	0.597606612104961	1.55010017965866	1.97182101642781	1
ENPP5	0	0	0	0.2	0.52963431508571	2.65659925441159	0.72963431508571	1
EPS15	0.67044266316755	0	0	0	0	-3.89555102148055	0.67044266316755	1
ERICH3	0	0	0.910343557873632	0.6	0.918973810380001	4.34847695904926	2.42931736825363	1
ERICH5	0.46532028495685	0	0	0.6	0.296316609148377	1.9395976392392	1.36163689410523	1
EVI5L	0.616697973049943	0	0	0	0	-7.2917385474275	0.616697973049943	1
EZR	0.685079426131212	0	0	0.6	0.422117404137956	-1.90394372338507	1.70719683026917	1
FAIM	0	0	0.29000223635399	0.2	0.604992459106062	4.14529434196349	1.09499469546005	1
FAM81B	0.677331170624455	0	0.29000223635399	0.2	0.877431059786152	2.94309508347542	2.0447644667646	1
FAM216B	0	0	0.454708584546035	0.2	0.940765264933849	1.9395976392392	1.59547384947988	1
FAM229B	0	0	0	0.2	0.866662515006239	3.91602240669301	1.06666251500624	1
FBXO15	0	0	0.488415387211295	0.2	0.621804896961814	1.50714308688295	1.31022028417311	1
FOCAD	0.412004194540643	0	0	0	0.528617580527921	1.88515040176457	0.940621775068564	1
FSCB	0.554367519984094	0	0	0	0	-8.77644957451316	0.554367519984094	1
GABARAP	0.649719056617844	0	0.29000223635399	0	0.296661549502491	-4.18079899212224	1.23638284247433	1
GNA11	0.658805546469015	0	0	0	0.511314246676305	-1.90394372338507	1.17011979314532	1
GNAQ	0.653291366995455	0	0	0	0.168152061564709	-4.71273362322201	0.821443428560164	1
GNAS	0.669472565405308	0	0.29000223635399	0.6	0	2.01634149017607	1.5594748017593	1
GNAT2	0	0	0	0	0	-6.18125541220833	0	1
GNAT3	0.63623262123877	0	0	0.4	0	-3.69304694088645	1.03623262123877	1
GNB5	0.690348958039827	0	0	0.1	0	-2.64372768667923	0.790348958039827	1
GNGT1	0.590070049165152	0	0	0	0	-6.18125541220833	0.590070049165152	1
GOLGA3	0.559096176487561	0	0	0.2	0.101255776679888	-3.12045596104099	0.860351953167449	1
GORAB	0.279754037324965	0	0	0	0	-8.77644957451316	0.279754037324965	1
GPI	0.636583032852942	0	0	0.2	0.418127333665636	-5.18102720216528	1.25471036651858	1
GPR157	0	0	0	0	0	-7.2917385474275	0	1
GRK4	0.65262865362025	0	0	0.2	0	-5.23892184898406	0.85262865362025	1
GRK7	0.579210850084498	0	0	0	0	-8.77644957451316	0.579210850084498	1
GRXCR1	0.338189886399162	0	0	0.6	0	-5.37960839889753	0.938189886399162	1
GSN	0.638978964033432	0	0	0	0.41671243072165	-2.76887864816204	1.05569139475508	1
GSTA1	0	0	0	0	0.687003251444657	1.55107688513151	0.687003251444657	1
GSTA2	0	0	0	0.2	0.351553987326917	1.55107688513151	0.551553987326917	1
GSTM3	0.459352822216268	0	0	0	0	-1.64023024244301	0.459352822216268	1
GUCA1A	0.563979703659344	0	0	0	0	-2.64372768667923	0.563979703659344	1
GUCA1B	0	0	0	0	0	-6.18125541220833	0	1
GUCA1C	0	0	0	0	0	-7.2917385474275	0	1
GUCA2B	0	0	0	0	0	-7.2917385474275	0	1
GUCY2D	0.556546201556494	0	0	0	0.345176370876996	-4.69654438512268	0.90172257243349	1
GUCY2F	0	0	0	0	0	-4.71273362322201	0	1
HAUS1	0.766565599855647	0	0	0.1	0	-2.44183587875878	0.866565599855647	1
HAUS2	0.75663287089779	0	0	0.1	0	-7.30792778552683	0.85663287089779	1
HAUS3	0.823273383842272	0	0	0	0	-6.28824110319128	0.823273383842272	1
HAUS4	0.813362790199076	0	0	0	0	-5.23892184898406	0.813362790199076	1
HAUS5	0.759410762331422	0	0	0.6	0	-4.4991378856899	1.35941076233142	1
HAUS6	0.754423843394981	0	0	0	0	-7.2917385474275	0.754423843394981	1
HAUS7	0.763742060201408	0	0	0.1	0	-6.92049494554533	0.863742060201408	1
HAUS8	0.846532548553886	0	0	0	0	-6.28824110319128	0.846532548553886	1
HHIP	0.689782907213143	0	0	0	0	-7.2917385474275	0.689782907213143	1
HIPK1	0.445177642880618	0	0.340260480708051	0.1	0.874014830353002	1.98185382418936	1.75945295394167	1
HMGB2	0.602104452096996	0	0	0.2	0	2.01634149017607	0.802104452096996	1
HNF1A	0.560995440798229	0	0	0	0	-7.2917385474275	0.560995440798229	1
HOATZ	0	0	0.761496460216082	0.2	0.900148096847871	2.94309508347542	1.86164455706395	1
HOOK1	0.714470842794218	0	0	0	0.160619423572099	-2.7069068694944	0.875090266366317	1
HSP90AB1	0.749392226445264	0	0	0	0.268706096237381	1.73109351953438	1.01809832268264	1
HSP90B1	0.620646593749043	0	0.488415387211295	0	0	2.21497286318419	1.10906198096034	1
HSPA1L	0.69945723389417	0	0	0.2	0	1.82748140833718	0.89945723389417	1
HSPA4L	0.601916944060991	0	0.570260649643344	0.1	0.0828447056132889	1.81914969619958	1.35502229931762	1
HSPBP1	0.639786064486407	0	0	0.7	0.691519297903777	3.22764214629157	2.03130536239018	1
HUWE1	0.68808276537256	0	0	0.2	0.106881381728016	2.21497286318419	0.994964147100576	1
HYAL3	0	0	0	0	0	-6.904305707446	0	1
IGBP1	0.588378943819777	0	0	0	0.104324288524321	1.56079008754859	0.692703232344098	1
IKBKG	0.671880028808503	0	0	0	0	-8.38901673453166	0.671880028808503	1
INHA	0	0	0	0	0	-8.77644957451316	0	1
IPO5	0.712996049005336	0	0	0	0.107495035436697	1.86339555030525	0.820491084442033	1
IQCA1	0.5229760318071	0	0.786906372365585	0.2	0.566200162478912	1.98185382418936	2.0760825666516	1
IQCD	0.60476182216786	0.9	0	0.2	0.706306052176739	2.55359762389489	2.4110678743446	1
IQCH	0.476002717093406	1	0.806173480136017	0.2	0.239843026349431	1.55010017965866	2.72201922357885	1
IQCK	0	0	0.29000223635399	0.2	0.735278619788756	1.55010017965866	1.22528085614275	1
IQUB	0.573336024746325	1	0.798415829070595	0.2	0.353088284068272	5.0667264326438	2.92484013788519	1
KCNA4	0.634541544194934	0	0	0	0.0884703106614165	-6.78998982530939	0.723011854856351	1
KCNJ16	0.703709618950348	0	0	0	0.12495906528931	2.65659925441159	0.828668684239658	1
KCNRG	0	0	0.340260480708051	0.2	0.556258475045821	3.91602240669301	1.09651895575387	1
KIF5A	0.742612223867885	0	0	0	0	-4.23093909626016	0.742612223867885	1
KIF5C	0.708525952690414	0	0	0	0	-2.31753780579424	0.708525952690414	1
KIF9	0.595556584913341	0	0.832149590278845	0.2	0.831937720319207	1.9395976392392	2.45964389551139	1
KIFAP3	0.754042008434691	1	0.67148239828304	0	0.636349883969159	3.7883955264655	3.06187429068689	1
KLC3	0.671403942002952	0	0	0	0	-3.69304694088645	0.671403942002952	1
KLF2	0.36990125423065	0	0	0	0.0721049141577728	-7.30792778552683	0.442006168388423	1
KNCN	0	0	0	0	0	-6.3675702547031	0	1
KRT34	0.548364688235182	0	0	0	0	-4.23093909626016	0.548364688235182	1
LAMA5	0.526140188177771	0	0	0	0.158023245801902	-2.50385264828901	0.684163433979673	1
LDHC	0.437937731257927	0	0	0	0	-7.30792778552683	0.437937731257927	1
LRGUK	0	0	0.929376765770085	0.2	0.137998341872299	0.144718304084827	1.26737510764238	1
LRP2BP	0.453283393536812	0	0.29000223635399	0	0	1.50714308688295	0.743285629890802	1
LRRC43	0	1	0.29000223635399	0.2	0.218969274622036	1.55010017965866	1.70897151097603	1
LRRC46	0.411728208964811	0	0.619434730217764	0.2	0.858257219797049	4.34847695904926	2.08942015897962	1
LRRC49	0.815819795201129	0	0.694746747231159	0	0.346829579169741	4.34847695904926	1.85739612160203	1
LRRC73	0.443373586585872	0	0	0.6	0.313423870900079	2.60215201693696	1.35679745748595	1
LYZL4	0.543163275920566	0	0	0.4	0	-4.89904846571677	0.943163275920566	1
MACIR	0.334589909855619	0	0	0	0	-5.91699750130911	0.334589909855619	1
MAP1A	0.695136379550361	0	0	0	0.732741658625702	4.81933886436017	1.42787803817606	1
MAP1B	0.768871895860403	0	0	0.2	0.500477455643154	-0.304481652968796	1.46934935150356	1
MAP1LC3B	0.702021833030424	0	0	0	0	-7.2917385474275	0.702021833030424	1
MAP3K5	0.710477709463636	0	0	0	0	-3.30677080353575	0.710477709463636	1
MAP4	0.662357419597119	0	0	0	0.358769571670835	-1.64023024244301	1.02112699126795	1
MAP6	0.539138840616028	0	0	0.2	0.668256786386299	2.73991246638965	1.40739562700233	1
MAP9	0.611145647384377	0	0.454708584546035	0.2	0.703500592657805	3.46682244963939	1.96935482458822	1
MAPRE3	0.76208114142661	0	0	0.6	0.599039869821248	2.01634149017607	1.96112101124786	1
MC4R	0.375422427318271	0	0	0	0	-8.77644957451316	0.375422427318271	1
MDH1B	0	0	0.29000223635399	1	0.642521042583294	1.9395976392392	1.93252327893728	1
MERTK	0.321017532672875	0	0	0	0	-7.2917385474275	0.321017532672875	1
MORN2	0	0	0.531474432731013	0.2	0.796021812591216	5.97332441362413	1.52749624532223	1
MORN3	0.584671808211027	0	0.29000223635399	0.6	0.621964493754038	3.63077443605132	2.09663853831906	1
MROH2B	0	0	0	0	0	-6.28824110319128	0	1
MYG1	0.512068178645413	0	0	0	0.1460463471379	2.5985832397345	0.658114525783313	1
MYO5B	0.698015343548652	0	0	0	0.214078466848616	2.99805871337085	0.912093810397268	1
MYOC	0	0	0	0	0.25242984482706	-8.77644957451316	0.25242984482706	1
MYRIP	0.426277119507425	0	0.401654795224114	0	0	-7.2917385474275	0.827931914731539	1
NAPEPLD	0.482965791320919	0	0	0	0	-5.50263532992612	0.482965791320919	1
NAXE	0.589159620924401	0	0	0	0	-2.58910227405364	0.589159620924401	1
NBEA	0.564569788877372	0	0.519447037497312	0	0.547285885984032	3.84641154114258	1.63130271235872	1
NEDD1	0.851019956127415	0	0	0.5	0	-4.4991378856899	1.35101995612741	1
NEK6	0.555367202810094	0	0	0.2	0	-4.16460975402291	0.755367202810094	1
NEK9	0.751606056158408	0	0	0	0.345034949378745	-4.4991378856899	1.09664100553715	1
NEK11	0.584943399437816	0	0.857410179104088	0.2	0.689654631580427	1.50714308688295	2.33200821012233	1
NEURL1	0.573738767059369	0	0	0	0	-4.88285922761744	0.573738767059369	1
NT5C3A	0.343076859577969	0	0	0	0.328012682684912	2.16507686978721	0.671089542262881	1
NTPCR	0.72705003258958	0	0	0	0.0894931479428943	2.16507686978721	0.816543180532474	1
NUBP1	0.505340557706249	0	0	0	0.0731277514392505	-5.16810719825913	0.5784683091455	1
NUBP2	0.594255310555795	0	0	0	0.090515985224372	-4.91273196809907	0.684771295780167	1
NUDCD3	0.747503805340503	0	0	0	0.0935844970688052	-2.50385264828901	0.841088302409308	1
ODF1	0.348304872158008	0	0	0	0	-7.30792778552683	0.348304872158008	1
ODF3	0.643598734130636	0	0	1	0	-4.92581632039316	1.64359873413064	1
ONECUT2	0	0	0	0	0	-7.2917385474275	0	1
OPN3	0	0	0	0	0	-8.77644957451316	0	1
OPN4	0.394185526086748	0	0.206012245631511	0	0	-8.77644957451316	0.600197771718259	1
OPN5	0	0	0	0	0	-7.2917385474275	0	1
OSBPL6	0.65998927868049	0	0	0	0.583106585812793	2.98535126842559	1.24309586449328	1
OSCP1	0	1	0.488415387211295	0.2	0.851561805831992	1.50714308688295	2.53997719304329	1
OXCT2	0.314675014800812	0	0	0	0	-7.2917385474275	0.314675014800812	1
PABPC1L	0.586578266901208	0	0	0	0	2.36370824279533	0.586578266901208	1
PAM	0.698657616337789	0	0.454708584546035	0.2	0.446158921840999	-7.2917385474275	1.79952512272482	1
PCDHB15	0	0	0	0	0	-7.2917385474275	0	1
PDC	0.691739087657592	0	0	0	0	-4.69654438512268	0.691739087657592	1
PDE1C	0.615932729499526	0	0	0	0	-7.2917385474275	0.615932729499526	1
PEX6	0.478127680319526	0	0	0	0.141598756119413	-5.9162294123353	0.619726436438939	1
PFKM	0.607626997949488	0	0	0	0	-0.304481652968796	0.607626997949488	1
PFN2	0.627863156499337	0	0	0	0.694842451292741	2.73991246638965	1.32270560779208	1
PGAM4	0.327646330192591	0	0	0	0	-5.99567300315226	0.327646330192591	1
PGK2	0.356330295181569	0	0	0	0	-5.18429643635846	0.356330295181569	1
PHC1	0.326894082716452	0	0	0.2	0.127069812022963	1.91552448195211	0.653963894739415	1
PHLPP2	0.682142288667797	0	0	0.2	0	-4.18079899212224	0.882142288667797	1
PHTF1	0	0	0.570260649643344	0.2	0.594438450158448	1.50714308688295	1.36469909980179	1
PIGS	0.427393046283108	0	0	0	0.0644336345466897	2.14864352094694	0.491826680829798	1
PIH1D2	0.464258763391976	0.9	0.206012245631511	0.2	0.649998991926163	3.91602240669301	2.42027000094965	1
PIK3C3	0.702919009983709	0	0	0.2	0	-0.0744446674081489	0.902919009983709	1
PIN1	0.657595357239434	0	0	0.2	0.382110876481054	2.10439766684127	1.23970623372049	1
PKHD1L1	0	0	0.29000223635399	0.2	0	-5.23892184898406	0.49000223635399	1
PKIG	0.808968973535611	0	0	0	0.588884002529762	2.64998551269769	1.39785297606537	1
PKM	0.675672172276198	0	0	0	0	-0.996824611872615	0.675672172276198	1
PLCB4	0	0	0.29000223635399	0.2	0.422714139031201	2.4058389497566	0.912716375385191	1
PLEKHB1	0.575063076202116	0	0	0	0.620008131654279	5.25179341671642	1.1950712078564	1
PMM2	0.357670560635283	0	0	0.2	0	-6.03252003259719	0.557670560635283	1
POR	0.515681785791085	0	0	0	0.489183976124941	2.21497286318419	1.00486576191603	1
PPEF2	0.491204489273082	0	0	0	0	-6.18125541220833	0.491204489273082	1
PPID	0.73641557905579	0	0	0	0.197131809311216	4.99448917262771	0.933547388367006	1
PPP1R7	0.639525978789097	0	0.340260480708051	0	0.493260626774272	3.45691408156205	1.47304708627142	1
PPP2CB	0.713571004811602	0	0	0	0.452380535575784	1.66476417729712	1.16595154038739	1
PPP2R1A	0.713465971469158	0	0	0	0.364767973097643	-0.193906456625872	1.0782339445668	1
PRCD	0	0	0	0	0	-8.77644957451316	0	1
PRKACB	0.758839415809864	0	0	0	0	-1.6487447432299	0.758839415809864	1
PRKAR1A	0.736717321423617	0	0	0.2	0.450530586170159	2.62856694559337	1.38724790759378	1
PRKAR1B	0.722608026383821	0	0	0.2	0	-5.16810719825913	0.922608026383821	1
PRKAR2A	0.720070057444737	0	0	0.6	0.466199215973036	-1.1974039008621	1.78626927341777	1
PRKAR2B	0.755641258656819	0	0.29000223635399	0	0	2.61815382514702	1.04564349501081	1
PROM2	0.457116763800055	0	0	0.2	0	-5.23892184898406	0.657116763800055	1
PSEN1	0.615876194239725	0	0.29000223635399	0.2	0	-7.77295213027693	1.10587843059372	1
PSEN2	0.568792692894543	0	0	0	0	-4.91273196809907	0.568792692894543	1
PSMC2	0.642486838714863	0	0	0	0	2.17201577040848	0.642486838714863	1
PSMC5	0.668092340985938	0	0.29000223635399	0.2	0.11864401046501	2.21497286318419	1.27673858780494	1
PTCHD3	0.527627539813919	0	0	0	0	-5.99567300315226	0.527627539813919	1
PTGS1	0.353957356695014	0	0	0.2	0	-8.77644957451316	0.553957356695014	1
PTH1R	0.590445019078108	0	0	0.2	0	-7.30792778552683	0.790445019078108	1
PTPN23	0.761236589721912	0	0	0	0	-3.69304694088645	0.761236589721912	1
PTPRK	0.512328935788416	0	0.570260649643344	0	0	-7.30792778552683	1.08258958543176	1
RAB7A	0.664584475951943	0	0	0	0	-1.56941559171808	0.664584475951943	1
RAB15	0.488653938598503	0	0	0	0	-5.97807279512256	0.488653938598503	1
RAB27A	0.461057002990455	0	0	0	0.361793527146577	-7.2917385474275	0.822850530137032	1
RAB35	0.672245466800889	0	0	0	0	-7.77295213027693	0.672245466800889	1
RAB36	0.443478685586222	0	0.29000223635399	0.2	0.737608304386495	1.50714308688295	1.67108922632671	1
RABGAP1L	0.464784865195201	0	0.51269643845783	0	0.457418093249583	-5.23892184898406	1.43489939690261	1
RALGAPA1	0.531348516919311	0	0	0	0.370321625376846	2.82595108429818	0.901670142296157	1
RAPGEF2	0.597788369658395	0	0.488415387211295	0	0	2.08808444074215	1.08620375686969	1
RBKS	0.541945363366722	0	0	0.6	0	3.63077443605132	1.14194536336672	1
RGS9	0.602236024991091	0	0	0	0.309463839056882	-4.69654438512268	0.911699864047973	1
RGS9BP	0.401323895740736	0	0	0	0	-6.18125541220833	0.401323895740736	1
RGS22	0.694594305230603	0.9	0.786906372365585	0.2	0.65940792660789	1.55010017965866	3.24090860420408	1
RIBC1	0.545438401820894	1	0.340260480708051	0.2	0.64950510728216	7.04315120009761	2.7352039898111	1
RIBC2	0.507268631781284	1	0.614216813104847	0.6	0.577979526566587	6.47210830821763	3.29946497145272	1
RILP	0.311603258113677	0	0	0	0	-8.77644957451316	0.311603258113677	1
RNF38	0.467164774874606	0	0	0	0	-7.2917385474275	0.467164774874606	1
RO60	0.385193492298178	0	0	0	0.071593495517034	-4.91273196809907	0.456786987815212	1
ROPN1B	0	0.9	0	0.4	0	-5.23892184898406	1.3	1
RRAD	0.624541178396131	0	0	0.6	0.698018481682492	2.65659925441159	1.92255966007862	1
RRH	0	0	0	0	0	-7.2917385474275	0	1
RSPH10B	0	0	0.29000223635399	1	0.156248973878385	4.63427188028755	1.44625121023238	1
RSPH10B2	0	0	0	1	0.129332245501334	3.63077443605132	1.12933224550133	1
RSPH14	0.624954064848167	0	0.636957674488398	0.6	0.345075439692912	3.91602240669301	2.20698717902948	1
SAG	0.460773245960969	0	0	0	0	-3.32103525003047	0.460773245960969	1
SAXO2	0	1	0.85686677950426	0.6	0.950811495259156	1.55010017965866	3.40767827476342	1
SCCPDH	0.458382991091901	0	0	0.2	0.10023293939841	2.06144057406555	0.758615930490311	1
SCNN1A	0.495363200220681	0	0.29000223635399	0.2	0.508304960577402	-5.9162294123353	1.49367039715207	1
SEC61A2	0.455825307180013	0	0	0	0	1.8887829822992	0.455825307180013	1
SEC63	0.588715951531169	0	0	0.2	0.326957871063172	3.31485819622322	1.11567382259434	1
SEPTIN4	0.768703137377081	0	0	0.2	0	-6.73649697981792	0.968703137377081	1
SEPTIN9	0.774204965196392	0	0	0.2	0.381499579727785	-3.70923617898578	1.35570454492418	1
SEPTIN12	0.847865014135124	0	0	0	0	-8.77644957451316	0.847865014135124	1
SF3A1	0.604805860366719	0	0	0	0	2.36370824279533	0.604805860366719	1
SF3B2	0.534965029323096	0	0	0	0.395638610489109	1.73109351953438	0.930603639812205	1
SFI1	0.731816461094472	0	0.29000223635399	0	0.181913711912938	-2.55065684478907	1.2037324093614	1
SHANK2	0.590575134317939	0	0.51269643845783	0.2	0.496405148193983	2.55359762389489	1.79967672096975	1
SHROOM3	0.572533068621675	0	0.595619793568828	0.2	0.634153253032886	3.65348295693392	2.00230611522339	1
SKP1	0.621696936367247	0	0	0	0.3803802586468	1.73109351953438	1.00207719501405	1
SLC9B1	0.347223608473287	0	0	0	0	-7.2917385474275	0.347223608473287	1
SLC9B2	0	0	0	0	0	-8.77644957451316	0	1
SLC9C1	0	0	0	0	0	-5.37960839889753	0	1
SLC22A4	0.42905767510686	0	0	0.2	0.569227238034262	1.9395976392392	1.19828491314112	1
SLC25A31	0.396345836605066	0	0	0	0	-7.30792778552683	0.396345836605066	1
SLC26A3	0.627479085679397	0	0	0	0	-8.77644957451316	0.627479085679397	1
SLC26A6	0.370605692791312	0	0	0	0	-5.9162294123353	0.370605692791312	1
SLC27A2	0.394844344080887	0	0	0.2	0.617431662077145	2.51064053111917	1.21227600615803	1
SLIRP	0.422629820601817	0	0	0	0	-3.56050079937464	0.422629820601817	1
SNTN	0	0	0.694746747231159	0.6	0.97851682404409	1.9395976392392	2.27326357127525	1
SORD	0.478039041447591	0	0	0.2	0.16825161861668	-3.50605356190001	0.846290660064271	1
SPAG4	0.600444003294958	0	0	0	0	-5.9162294123353	0.600444003294958	1
SPATA4	0	1	0.29000223635399	0	0.313408307978004	5.77711430610229	1.60341054433199	1
SPATA6	0.338189886399162	0	0.860221211419655	0.2	0.639896941964545	1.50714308688295	2.03830803978336	1
SPATA17	0.390567368309648	1	0.905820444879811	0.6	0.722254276324219	4.06322898840757	3.61864208951368	1
SPTAN1	0.685381520453475	0	0	0	0.338801963488736	2.82595108429818	1.02418348394221	1
SPTBN5	0.625042688478875	0	0	0	0	-7.77295213027693	0.625042688478875	1
SQSTM1	0.768600223141812	0	0	0	0.357122003140585	-7.2917385474275	1.1257222262824	1
STAT3	0.65385713102273	0	0	0	0.389983206351144	-4.54780900551154	1.04384033737387	1
STK33	0.514910109648674	0	0.933637002076345	0.2	0.935505578570391	2.64998551269769	2.58405269029541	1
STRC	0.512137790961679	0	0	0	0	-8.77644957451316	0.512137790961679	1
TACR1	0.273385696223557	0	0	0	0	-7.2917385474275	0.273385696223557	1
TACR2	0.597261494810896	0	0	0	0.310203756370114	-7.2917385474275	0.90746525118101	1
TACR3	0.231180198218268	0	0	0	0	-8.77644957451316	0.231180198218268	1
TAS2R4	0	0	0	0	0	-8.77644957451316	0	1
TAS2R43	0	0	0	0	0	-5.99567300315226	0	1
TAS2R46	0	0	0	0	0	-5.99567300315226	0	1
TBC1D31	0.845028387460367	0	0.29000223635399	0.1	0	-5.23892184898406	1.23503062381436	1
TBCC	0.550212894656455	0	0	0	0	-3.69304694088645	0.550212894656455	1
TCEA2	0.587176915550506	0	0	0.1	0.151402445199481	1.63283485370481	0.838579360749987	1
TCP11	0.382474510592812	0	0	0	0	-5.23892184898406	0.382474510592812	1
TEKT3	0	0	0.454708584546035	1	0.157446225720348	1.55010017965866	1.61215481026638	1
TEX9	0.709538655294612	0.9	0.738166137225601	0.2	0.684996862277842	5.35197440328549	3.23270165479805	1
TEX26	0	0	0.454708584546035	0.2	0.290480673753269	1.9395976392392	0.945189258299304	1
TMEM80	0.300853856105998	0	0	0	0.0854017988169833	-5.50263532992612	0.386255654922981	1
TMEM141	0	0	0	0.2	0.156488989879686	-7.30792778552683	0.356488989879686	1
TMEM218	0.502902881814787	0	0	0	0.214184903329105	-0.141777524979007	0.717087785143892	1
TMEM232	0	0	0.909266486178871	0.2	0.75540212355875	1.55010017965866	1.86466860973762	1
TOGARAM2	0.58394407326643	0	0.519447037497312	0.2	0.682635463855102	3.91602240669301	1.98602657461884	1
TP53BP1	0.621659944386149	0	0	0.2	0.521871059280995	4.61089963082601	1.34353100366714	1
TPGS1	0.764587375727947	0	0.206012245631511	0	0.0833561242540279	-3.87936178338122	1.05395574561349	1
TPPP3	0.415850386906373	1	0.206012245631511	0.2	0.924152452477458	4.34847695904926	2.74601508501534	1
TRIM59	0	0	0	0	0	-4.25947449396539	0	1
TSNAXIP1	0.568610878477942	0	0.65935091118967	0.2	0.366711503127315	1.50714308688295	1.79467329279493	1
TSPEAR	0	0	0	0	0	-8.77644957451316	0	1
TSSK1B	0.613554436475558	0	0	0	0	-7.2917385474275	0.613554436475558	1
TTC21A	0.749527577211979	1	0.454708584546035	0.3	0.619296297643464	3.36823498629223	3.12353245940148	1
TTLL4	0.573575655456111	0	0	0.6	0	-1.38371874335686	1.17357565545611	1
TTLL7	0	0	0.488415387211295	0	0.539245452115884	-1.58235011636499	1.02766083932718	1
TTLL11	0	0	0.375232884126719	0	0.419998113714117	-7.30792778552683	0.795230997840836	1
TUBA1B	0.769870718384539	0	0	0	0	3.0180644051739	0.769870718384539	1
TUBA3D	0.548601474311979	0	0	0	0	2.60447032276473	0.548601474311979	1
TUBB	0.789611065955201	0	0	0.6	0	0.780317397216938	1.3896110659552	1
TUBB4A	0.711047707446168	0	0	0.6	0	-0.688204391769387	1.31104770744617	1
TUBG1	0.848064528014567	0	0	0	0.0889817293021554	-1.58560482981741	0.937046257316722	1
TULP2	0.720004894082758	0	0	0.4	0	-7.2917385474275	1.12000489408276	1
TULP4	0.402958837160516	0	0	0.6	0.254590372482922	-7.30792778552683	1.25754920964344	1
TXNDC8	0	0	0	0	0	-8.77644957451316	0	1
UBE2B	0.555870040383895	0	0	0	0	-5.16810719825913	0.555870040383895	1
ULK3	0.644327359637908	0	0	0	0	-7.2917385474275	0.644327359637908	1
UNC119B	0.745399981292955	1	0	0.6	0.616620667331014	2.2683496532532	2.96202064862397	1
USP11	0.633327802570028	0	0	0.2	0.388929713855084	-2.09025856587983	1.22225751642511	1
VDAC1	0.605505739729363	0	0	0	0	-7.77295213027693	0.605505739729363	1
VPS35	0.607285535406328	0	0	0	0.501825677055825	1.81914969619958	1.10911121246215	1
VWA3B	0	0	0.913750158972124	0.6	0.774984563427763	1.9395976392392	2.28873472239989	1
WDR5B	0.624604921058774	0	0	0.2	0	-1.6253072091407	0.824604921058774	1
WDR31	0.46618316553065	0	0.454708584546035	0	0.328853276108261	-0.141777524979007	1.24974502618495	1
WDR47	0.572156623526713	0	0	0	0.0951173781997948	4.07364349710719	0.667274001726508	1
WRAP53	0.464087703711809	0	0	0.2	0.234119243789129	2.64998551269769	0.898206947500938	1
YWHAE	0.75110000596675	0	0	0	0.389490996429301	2.54070311365649	1.14059100239605	1
YWHAG	0.729717083452479	0	0	0	0	-5.17775796797211	0.729717083452479	1
YWHAQ	0.728475330245447	0	0	0	0	2.14864352094694	0.728475330245447	1
ZBBX	0.515938014673192	0	0.927022568805008	0.6	0.828243734514619	1.9395976392392	2.87120431799282	1
ZFYVE19	0.580544592217631	0	0	0	0	-7.30792778552683	0.580544592217631	1
ZMYND12	0.589846099720004	1	0.29000223635399	0.2	0.324480173192417	7.04315120009761	2.40432850926641	1
ZNF474	0.411403472403682	1	0	0.2	0.423795479111314	3.91602240669301	2.035198951515	1
ZSCAN18	0.442261572038115	0	0	0	0.503577803099687	1.55010017965866	0.945839375137802	1
AASDHPPT	0.57245011984336	0	0	0	0.0931152187766997	-4.23542440474783	0.66556533862006	0
ABCA2	0.606382431629238	0	0	0	0	-4.91273196809907	0.606382431629238	0
ABCA3	0.441045430849119	0	0	0.2	0	-5.9162294123353	0.641045430849119	0
ABCA9	0	0	0	0	0	-7.2917385474275	0	0
ABCA10	0	0	0	0	0	-6.38310584313376	0	0
ABCD1	0.393722020805355	0	0	0	0.250798499529857	-6.92049494554533	0.644520520335212	0
ABCD2	0	0	0	0	0	-2.49499230706809	0	0
ABCD3	0.465185747513486	0	0	0.2	0.434213631398921	-2.31753780579424	1.09939937891241	0
ABCG4	0	0	0	0	0	-8.77644957451316	0	0
ABCG8	0	0	0	0	0	-8.77644957451316	0	0
ACAD8	0.328849915323908	0	0	0.2	0	-6.28824110319128	0.528849915323908	0
ACADM	0.482158837633783	0	0	0.6	0.338878957972418	-4.23542440474783	1.4210377956062	0
ACAN	0.426277119507425	0	0	0	0	-4.88285922761744	0.426277119507425	0
ACAT1	0.542803859860837	0	0	0	0.157124738063877	-1.86759808700668	0.699928597924714	0
ACOT8	0.262779835878046	0	0	0	0.345881391045589	-2.1688024261831	0.608661226923635	0
ACOX2	0.625578353655234	0	0	0	0	-5.9162294123353	0.625578353655234	0
ACP5	0	0	0	0	0	-6.65281822534479	0	0
ACSL3	0.685231230107465	0	0	0	0	-3.69304694088645	0.685231230107465	0
ACSL5	0.4166943863318	0	0	0.2	0	-5.40702990324259	0.6166943863318	0
ACSL6	0.407143255167761	0	0	0	0	-2.30385430341195	0.407143255167761	0
ACSS2	0	0	0	0	0	-5.9162294123353	0	0
ADAMTS2	0.549194413044955	0	0	0	0	-8.77644957451316	0.549194413044955	0
ADAMTS3	0	0	0	0	0	-5.23892184898406	0	0
ADAMTS14	0	0	0	0	0	-7.2917385474275	0	0
ADH1B	0	0	0	0	0	-4.49336176803691	0	0
ADHFE1	0	0	0	0	0	-3.50735009252524	0	0
AFMID	0	0	0	0	0	-8.77644957451316	0	0
AGMAT	0.511665891351581	0	0	0	0	-6.28824110319128	0.511665891351581	0
AKR1C4	0	0	0	0	0	-6.65281822534479	0	0
ALAD	0.486267440804126	0	0	0	0	-7.30792778552683	0.486267440804126	0
ALAS1	0.602891367722401	0	0	0	0.0721049141577728	-8.77644957451316	0.674996281880174	0
ALG1	0.458705659099208	0	0	0	0	-6.30443034129061	0.458705659099208	0
ALG2	0.465906594826751	0	0	0	0.0777305192059004	-4.71273362322201	0.543637114032651	0
ALG3	0.593758269295595	0	0	0	0	-7.77295213027693	0.593758269295595	0
ALG8	0.398651257580659	0	0	0	0.0608537040615177	-5.9162294123353	0.459504961642177	0
ALG10B	0	0	0	0	0	-4.69654438512268	0	0
ALG12	0.68501410869312	0	0	0	0	-7.30792778552683	0.68501410869312	0
AMACR	0.351118923274913	0	0	0.2	0	-5.50263532992612	0.551118923274913	0
AMD1	0	0	0	0	0	-6.3675702547031	0	0
AMY1B	0	0	0	0.2	0	-2.89967581527362	0.2	0
AMY1C	0.556536280125304	0	0	0.2	0	-0.533753588239276	0.756536280125304	0
AMY2A	0.395741875896554	0	0	0	0	-1.5372510324755	0.395741875896554	0
APOA1	0.538006268235239	0	0	0	0	-3.70923617898578	0.538006268235239	0
APOBEC3G	0.756924117652236	0	0	0	0	-8.77644957451316	0.756924117652236	0
ARHGEF9	0	0	0	0	0	-5.5287965723538	0	0
ARSA	0.342732581176699	0	0	0.2	0	-6.28824110319128	0.542732581176699	0
ARSB	0	0	0	0	0	-8.77644957451316	0	0
ARSG	0.357714199844181	0	0	0	0	-6.92049494554533	0.357714199844181	0
ARSH	0	0	0	0	0	-5.37960839889753	0	0
ARSI	0	0	0	0	0	-8.77644957451316	0	0
ASAH1	0	0	0.29000223635399	0	0	-5.17775796797211	0.29000223635399	0
ASAH2	0	0	0	0	0	-6.38310584313376	0	0
ASAH2B	0.448676504450524	0	0	0	0	-6.14966762773453	0.448676504450524	0
ASNS	0.473935016504425	0	0	0	0	-4.91273196809907	0.473935016504425	0
ATP5F1A	0.656923492129446	0	0	0	0	-6.30443034129061	0.656923492129446	0
ATP5MC1	0.388015111800687	0	0	0	0	-7.2917385474275	0.388015111800687	0
ATP5ME	0.500393337795299	0	0	0	0.304855828008256	-6.28824110319128	0.805249165803555	0
ATP5MF	0.542121745994525	0	0	0.2	0.0552280990133902	-6.30443034129061	0.797349845007915	0
ATP5MG	0.564468714706338	0	0	0	0	-4.91273196809907	0.564468714706338	0
ATP5PB	0.551262104217317	0	0	0.2	0	-6.30443034129061	0.751262104217317	0
ATP5PO	0.522160639626767	0	0	0	0	-6.30443034129061	0.522160639626767	0
AUH	0.244161657267418	0	0	0	0.0731277514392505	-7.30792778552683	0.317289408706668	0
B3GNT2	0.46014724109413	0	0	0	0	-6.5059369896305	0.46014724109413	0
B3GNT3	0.423802924861323	0	0	0	0	-8.77644957451316	0.423802924861323	0
B3GNT5	0.629014154545054	0	0	0	0.468881631923075	-2.55065684478907	1.09789578646813	0
B3GNT7	0	0	0	0	0.485335046987473	-7.30792778552683	0.485335046987473	0
B3GNT8	0	0	0	0	0	-8.77644957451316	0	0
B3GNT9	0	0	0	0	0	-5.9162294123353	0	0
B3GNTL1	0	0	0	0.2	0	-3.99122943617505	0.2	0
B4GALT1	0.654148812111089	0	0	0.2	0.360008277747754	-7.2917385474275	1.21415708985884	0
B4GALT2	0.706110113177222	0	0	0.2	0	-8.77644957451316	0.906110113177222	0
B4GALT6	0	0	0	0	0	-3.50735009252524	0	0
BANF1	0.469071564576934	0	0	0	0.38312664257241	-1.75520834377393	0.852198207149344	0
BCAT2	0	0	0	0	0	-3.79259806316693	0	0
BCKDHA	0.551788815002455	0	0	0	0	-6.28824110319128	0.551788815002455	0
BHMT	0.741647792100957	0	0	0	0	-6.71914756758204	0.741647792100957	0
BLVRA	0.610514468946293	0	0.29000223635399	0	0	-3.89555102148055	0.900516705300283	0
BLVRB	0.374879953545991	0	0	0	0	-6.28824110319128	0.374879953545991	0
C1GALT1C1	0.313685305361343	0	0	0	0.345013181555694	-7.2917385474275	0.658698486917037	0
C1QC	0	0	0	0	0	-8.77644957451316	0	0
C1S	0	0	0	0	0	-6.904305707446	0	0
CA2	0.416794837304314	0	0	0	0	-1.28416762107639	0.416794837304314	0
CA5A	0.476002717093406	0	0	0	0	-8.77644957451316	0.476002717093406	0
CA5B	0	0	0	0.2	0	-7.30792778552683	0.2	0
CA7	0	0	0	0	0	-7.2917385474275	0	0
CA9	0.513511344300776	0	0	0	0	-8.77644957451316	0.513511344300776	0
CA12	0	0	0	0	0	-7.30792778552683	0	0
CANX	0.553995990248645	0	0	0	0.284881699463271	-1.28416762107639	0.838877689711916	0
CD3E	0	0	0	0	0	-8.77644957451316	0	0
CD3G	0.488060616783003	0	0	0	0	-8.77644957451316	0.488060616783003	0
CD4	0.532536066949533	0	0	0	0.142680686579736	-5.5287965723538	0.675216753529269	0
CD44	0.628058681502884	0	0.65935091118967	0.2	0	-7.2917385474275	1.48740959269255	0
CDO1	0.519995323870244	0	0.454708584546035	0	0	-7.30792778552683	0.974703908416279	0
CERK	0.307224404340514	0	0	0	0	-7.77295213027693	0.307224404340514	0
CGA	0.559478763322884	0	0	0	0	-8.77644957451316	0.559478763322884	0
CGB5	0	0	0	0	0	-7.2917385474275	0	0
CH25H	0	0	0	0	0	-7.30792778552683	0	0
CHPF2	0.262779835878046	0	0	0	0	-7.77295213027693	0.262779835878046	0
CHRNA2	0	0	0	0	0	-7.2917385474275	0	0
CHRNA4	0.336625501087524	0	0	0	0	-7.30792778552683	0.336625501087524	0
CHRNA5	0.394235851020109	0	0	0	0	-8.77644957451316	0.394235851020109	0
CHRNA9	0.3674104832932	0	0	0	0	-7.2917385474275	0.3674104832932	0
CHRNB4	0.376459290027759	0	0	0	0	-7.2917385474275	0.376459290027759	0
CHRNE	0.345669481179642	0	0	0	0	-7.2917385474275	0.345669481179642	0
CHRNG	0	0	0	0	0	-8.77644957451316	0	0
CHST1	0	0	0	0	0	-7.2917385474275	0	0
CHST2	0	0	0	0	0	-8.77644957451316	0	0
CHST5	0	0	0	0	0	-3.1178526329447	0	0
CHST6	0	0	0	0.2	0.590294012214471	-3.90317325950985	0.790294012214471	0
CHST12	0.286547472506505	0	0	0	0	-8.77644957451316	0.286547472506505	0
CHST13	0	0	0	0	0	-8.77644957451316	0	0
CHST15	0.374879953545991	0	0	0.1	0	-8.77644957451316	0.474879953545991	0
CHSY1	0.319392358668521	0	0.29000223635399	0	0	-8.77644957451316	0.609394595022511	0
CMA1	0.455507887188497	0	0	0	0	-7.2917385474275	0.455507887188497	0
CNDP2	0.538003284134169	0	0	0	0.38425655405979	-5.17775796797211	0.922259838193959	0
COL2A1	0.489529619263604	0	0	0	0	-4.88285922761744	0.489529619263604	0
COL4A1	0.491604975094861	0	0	0	0	-7.77295213027693	0.491604975094861	0
COL4A2	0.420724059191135	0	0	0	0	-6.28824110319128	0.420724059191135	0
COL4A3	0.485573037267169	0	0	0	0	-7.30792778552683	0.485573037267169	0
COL4A4	0.501594453781844	0	0	0	0	-7.2917385474275	0.501594453781844	0
COL4A6	0.51792345462281	0	0	0	0	-5.50263532992612	0.51792345462281	0
COL5A2	0.539138840616028	0	0	0	0	-4.91273196809907	0.539138840616028	0
COL5A3	0.512390167234094	0	0	0.2	0	-7.2917385474275	0.712390167234094	0
COL6A2	0.494205211912064	0	0	0.2	0	-8.77644957451316	0.694205211912064	0
COL7A1	0.358171915312216	0	0	0	0	-7.30792778552683	0.358171915312216	0
COL9A3	0.623784032193302	0	0	0.2	0	-5.9162294123353	0.823784032193302	0
COL11A1	0	0	0	0	0	-6.30443034129061	0	0
COL12A1	0.442303271797653	0	0	0	0	-3.50735009252524	0.442303271797653	0
COL14A1	0.378759231019245	0	0	0	0	-6.30443034129061	0.378759231019245	0
COL15A1	0	0	0	0	0	-8.77644957451316	0	0
COL16A1	0	0	0	0	0	-4.91273196809907	0	0
COL17A1	0.588055972777852	0	0	0	0	-6.28824110319128	0.588055972777852	0
COL24A1	0	0	0	0	0	-8.77644957451316	0	0
COL25A1	0.563959649819886	0	0	0	0	-7.2917385474275	0.563959649819886	0
COL28A1	0	0	0	0.2	0.132963732405698	1.55010017965866	0.332963732405698	0
COX4I1	0.450092520980288	0	0	0	0	-6.28824110319128	0.450092520980288	0
COX5A	0.518173996574048	0	0	0	0	-4.16460975402291	0.518173996574048	0
COX6A1	0.377516997048416	0	0	0	0	-5.9162294123353	0.377516997048416	0
COX6C	0.390949970200776	0	0	0	0.0761962632836837	-6.30443034129061	0.46714623348446	0
COX7A2L	0.202838730829109	0	0	0	0	-4.89904846571677	0.202838730829109	0
COX7C	0.305504918330435	0	0	0	0.0552280990133902	-7.2917385474275	0.360733017343825	0
CP	0.482016380833404	0	0.401654795224114	0.2	0.461398961280353	0.510711714077982	1.54507013733787	0
CPOX	0.560911072632805	0	0	0	0	-8.27470085239504	0.560911072632805	0
CSAD	0.639768539526225	0	0	0.2	0	-5.23892184898406	0.839768539526225	0
CSGALNACT1	0.254246052692035	0	0	0	0	-7.2917385474275	0.254246052692035	0
CSGALNACT2	0.522205261803567	0	0	0	0	-8.77644957451316	0.522205261803567	0
CTDSP2	0.614301389212141	0	0	0	0.111775415459405	-4.38111050549933	0.726076804671546	0
CTRB1	0	0	0	0	0	-7.2917385474275	0	0
CTRB2	0	0	0	0	0	-7.2917385474275	0	0
CTSG	0.435899673845424	0	0	0	0	-8.77644957451316	0.435899673845424	0
CYB5A	0.137684719246773	0	0	0	0	-0.520096337510861	0.137684719246773	0
CYB5R3	0.556843804827859	0	0	0	0	-4.16460975402291	0.556843804827859	0
CYP7A1	0	0	0	0	0	-7.30792778552683	0	0
CYP7B1	0	0	0	0	0	-8.77644957451316	0	0
CYP8B1	0.524075172821442	0	0	0	0	-8.77644957451316	0.524075172821442	0
CYP27A1	0	0	0.375232884126719	0	0	-7.2917385474275	0.375232884126719	0
CYP51A1	0.470232082475095	0	0.29000223635399	0	0	-4.91273196809907	0.760234318829085	0
DAD1	0.638386810685855	0	0.340260480708051	0	0.0383512838690077	-3.87936178338122	1.01699857526291	0
DBT	0.624228905318321	0	0	0.2	0	-4.91273196809907	0.824228905318321	0
DCP1B	0.642654643385989	0	0	0	0	-2.98773199193882	0.642654643385989	0
DCP2	0.401182776416996	0	0	0	0	-7.2917385474275	0.401182776416996	0
DDC	0.482787433774732	0	0	0	0	-7.2917385474275	0.482787433774732	0
DECR1	0.315580939238	0	0	0	0	-6.28824110319128	0.315580939238	0
DHFR	0.627339751570982	0	0	0	0	-3.93850811425626	0.627339751570982	0
DLAT	0.596056749610857	0	0	0	0.0943374178869863	-4.52529912811757	0.690394167497843	0
DOLK	0.267940694713534	0	0	0	0	-7.30792778552683	0.267940694713534	0
DOLPP1	0.434888064174108	0	0	0	0	-7.30792778552683	0.434888064174108	0
DPAGT1	0.415353523106628	0	0	0.2	0.098323016572978	-2.7754171165484	0.713676539679606	0
DPM2	0.400656215467747	0	0	0	0	-7.30792778552683	0.400656215467747	0
DPM3	0.36168619380863	0	0	0	0.171989776298056	-4.23542440474783	0.533675970106686	0
EBP	0.36843061805765	0	0	0	0	-4.91273196809907	0.36843061805765	0
ECI1	0.464697170582659	0	0	0	0.103517691727316	-4.23542440474783	0.568214862309975	0
EDEM3	0.383962635943517	0	0	0	0.0543522160257853	-6.28824110319128	0.438314851969302	0
ELANE	0.501374584001142	0	0	0	0	-8.77644957451316	0.501374584001142	0
ELOVL5	0.48964336097843	0	0	0	0.0966530089132384	-4.91273196809907	0.586296369891668	0
ELOVL6	0	0	0	0	0	-7.30792778552683	0	0
ETFA	0.565223824015711	0	0	0	0	-6.28824110319128	0.565223824015711	0
ETFB	0.502528647454872	0	0	0	0	-6.30443034129061	0.502528647454872	0
ETFDH	0.276265313628369	0	0	0	0	-4.69654438512268	0.276265313628369	0
FDPS	0.51534379953821	0	0	0	0	-3.69304694088645	0.51534379953821	0
FECH	0.287621162336568	0	0	0	0	-3.69304694088645	0.287621162336568	0
FLAD1	0.359645661288684	0	0	0	0.0721049141577728	-4.54780900551154	0.431750575446457	0
FMOD	0.439475647051769	0	0	0	0	-7.2917385474275	0.439475647051769	0
FPGS	0.455239804291966	0	0	0.2	0	-7.2917385474275	0.655239804291966	0
FSHB	0	0	0	0	0	-7.2917385474275	0	0
GABRA2	0	0	0	0	0	-7.2917385474275	0	0
GABRA5	0	0	0	0	0	-7.2917385474275	0	0
GABRB1	0.457116763800055	0	0	0	0	-4.88285922761744	0.457116763800055	0
GABRB3	0.399376004775898	0	0	0	0	-2.15511892380081	0.399376004775898	0
GABRG2	0.396969723167816	0	0	0	0	-2.13892968570148	0.396969723167816	0
GABRR1	0	0	0	0	0	-8.77644957451316	0	0
GALNT1	0.520343542292076	0	0	0	0.114552661339099	-3.87936178338122	0.634896203631175	0
GALNT5	0	0	0	0	0	-6.28824110319128	0	0
GALNT6	0	0	0	0.2	0.13194089512422	-7.2917385474275	0.33194089512422	0
GALNT9	0.434888064174108	0	0	0	0	-8.38901673453166	0.434888064174108	0
GALNT10	0.493811301432895	0	0	0	0	-7.30792778552683	0.493811301432895	0
GALNT12	0.3118928979664	0	0.29000223635399	0.2	0	-4.92581632039316	0.80189513432039	0
GALNT14	0	0	0	0	0	-6.3675702547031	0	0
GALNT15	0	0	0	0	0	-8.77644957451316	0	0
GALNT16	0	0	0	0.2	0	-3.50735009252524	0.2	0
GALNT17	0	0	0	0	0	-5.23892184898406	0	0
GALNTL5	0	0	0	0	0	-8.77644957451316	0	0
GALNTL6	0.601787336384272	0	0	0	0	-6.3675702547031	0.601787336384272	0
GBA	0.394681244446503	0	0	0	0.248053691104531	-6.28824110319128	0.642734935551034	0
GBA3	0.617561429116348	0	0	0	0	-5.5287965723538	0.617561429116348	0
GCLM	0.529711646052851	0	0.29000223635399	0	0.414286143079587	-4.54780900551154	1.23400002548643	0
GCNT1	0.346987049223875	0	0	0	0.277172805443159	-7.2917385474275	0.624159854667034	0
GCNT4	0	0	0	0	0	-7.2917385474275	0	0
GFPT2	0	0	0	0	0	-6.65281822534479	0	0
GLB1	0.703486152397895	0	0	0.2	0	-6.28824110319128	0.903486152397895	0
GLRA1	0.511253244124652	0	0	0	0.242605599465844	-8.77644957451316	0.753858843590496	0
GLRA3	0.537619115604139	0	0	0	0	-7.2917385474275	0.537619115604139	0
GLRB	0.342349937613476	0	0	0	0	-3.99122943617505	0.342349937613476	0
GLS	0.556689564958568	0	0.29000223635399	0	0	-3.69304694088645	0.846691801312558	0
GLS2	0.386723773079652	0	0	0	0	-4.4027499968871	0.386723773079652	0
GLUD1	0.579864520701219	0	0	0	0	-4.18079899212224	0.579864520701219	0
GMPPB	0.340515024033101	0	0	0	0.120689685027965	-5.9162294123353	0.461204709061066	0
GNPNAT1	0.299916584080751	0	0	0.2	0	-8.77644957451316	0.499916584080751	0
GNS	0.234791535999606	0	0	0.2	0.104324288524321	-7.2917385474275	0.539115824523927	0
GOT1	0.419019117564988	0	0	0	0	-1.58560482981741	0.419019117564988	0
GOT2	0.495420746760179	0	0	0.2	0	-2.7891006189307	0.695420746760179	0
GPAA1	0.352057285428196	0	0	0.1	0	-5.91699750130911	0.452057285428196	0
GPHN	0.679874190854908	0	0.488415387211295	0	0	-3.69304694088645	1.1682895780662	0
GPT2	0	0	0	0	0	-5.16810719825913	0	0
GSTO2	0	0	0	0	0.139612174735303	-5.23892184898406	0.139612174735303	0
GUSB	0.539776147480865	0	0	0	0	-7.30792778552683	0.539776147480865	0
HAAO	0	0	0	0.6	0	-6.71914756758204	0.6	0
HADH	0.427393046283108	0	0	0	0.442642816524157	-4.4991378856899	0.870035862807265	0
HADHB	0.560483450562522	0	0	0	0	-6.28824110319128	0.560483450562522	0
HAS3	0	0	0	0	0	-7.2917385474275	0	0
HEXA	0.46606248999737	0	0	0.2	0	-4.54780900551154	0.66606248999737	0
HMGA1	0.543092362107246	0	0	0	0	-8.77644957451316	0.543092362107246	0
HMGCR	0.546066253437153	0	0	0	0	-5.50263532992612	0.546066253437153	0
HMMR	0.785802182235578	0	0	0.1	0	-3.89555102148055	0.885802182235578	0
HMOX2	0.610423647255397	0	0	0	0	-4.69654438512268	0.610423647255397	0
HSD17B10	0.598374799965103	0	0	0	0	-6.28824110319128	0.598374799965103	0
HSD17B12	0.597647397497576	0	0	0	0.0874474733799388	-2.31753780579424	0.685094870877515	0
HYAL1	0.349559622983443	0	0	0	0	-8.38901673453166	0.349559622983443	0
IDH1	0.593949586763842	0	0	0	0	-4.69654438512268	0.593949586763842	0
IDH2	0.505527812229591	0	0	0	0.514807946142142	-3.89555102148055	1.02033575837173	0
IDH3G	0.51752003804795	0	0	0	0	-6.30443034129061	0.51752003804795	0
IDI1	0.508436158578086	0	0	0	0	-1.75520834377393	0.508436158578086	0
IDI2	0.457028256252972	0	0	0	0	-8.77644957451316	0.457028256252972	0
IFNA1	0.357670560635283	0	0	0	0	-8.77644957451316	0.357670560635283	0
IFNA5	0	0	0	0	0	-7.2917385474275	0	0
IFNA10	0.495848975903092	0	0	0	0	-8.77644957451316	0.495848975903092	0
IFNA16	0.495848975903092	0	0	0	0	-7.2917385474275	0.495848975903092	0
IFNA21	0	0	0	0	0	-8.77644957451316	0	0
IFNAR1	0.246165059737822	0	0	0	0.0813104496910724	-7.30792778552683	0.327475509428894	0
IFNB1	0	0	0	0	0	-8.77644957451316	0	0
INHBB	0	0	0	0	0.479092868878303	-1.5372510324755	0.479092868878303	0
INHBE	0.418863262573802	0	0	0	0	-7.2917385474275	0.418863262573802	0
IRAK1	0.580505625937354	0	0	0	0	-6.28824110319128	0.580505625937354	0
IRAK4	0	0	0	0	0	-8.77644957451316	0	0
IRF7	0.627445169382596	0	0	0	0	-7.77295213027693	0.627445169382596	0
IYD	0.528740326001356	0	0	0	0	-8.77644957451316	0.528740326001356	0
KCNK1	0	0	0	0	0.178826259501971	-7.2917385474275	0.178826259501971	0
KCNK3	0	0	0	0	0	-8.77644957451316	0	0
KCNK7	0	0	0	0	0	-7.2917385474275	0	0
KCNK10	0	0	0	0	0	-7.2917385474275	0	0
KCNK13	0	0	0	0	0	-8.77644957451316	0	0
KCNK18	0	0	0	0	0.388199816526286	-6.38310584313376	0.388199816526286	0
KERA	0	0	0	0	0	-7.2917385474275	0	0
KLKB1	0.395738325130426	0	0	0	0	-7.30792778552683	0.395738325130426	0
KMO	0.570443530772358	0	0	0	0	-5.18835577015225	0.570443530772358	0
LCK	0.691761894432786	0	0	0	0	-7.77295213027693	0.691761894432786	0
LCT	0	0	0	0	0	-7.2917385474275	0	0
LDHA	0.640856998149203	0	0	0	0	-5.17775796797211	0.640856998149203	0
LHB	0	0	0	0	0	-7.2917385474275	0	0
LSM1	0.469076327831456	0	0	0	0.139954193680951	-7.2917385474275	0.609030521512407	0
LSM2	0.593928571552183	0	0	0	0	-4.54780900551154	0.593928571552183	0
LSM3	0.424264031984004	0	0	0	0.142169267938998	-5.18429643635846	0.566433299923002	0
LSM4	0.463569153446137	0	0	0	0.025054399209797	-3.79259806316693	0.488623552655934	0
LSM5	0.511497644335778	0	0	0	0.382663606490809	-3.55030718530095	0.894161250826587	0
LSM6	0.528114528067554	0	0	0	0.0654564718281676	-3.87936178338122	0.593570999895722	0
LYVE1	0	0	0	0	0	-7.2917385474275	0	0
MAN1B1	0.325844526716945	0	0	0.2	0.075936679480841	0.091341514015819	0.601781206197786	0
MAN2A1	0.57910372897091	0	0	0	0	-8.77644957451316	0.57910372897091	0
MAT1A	0.285598057930126	0	0	0	0	-3.11529049981569	0.285598057930126	0
MAT2A	0.53857263636993	0	0	0	0	-4.54943544806953	0.53857263636993	0
MBL2	0.268626424825608	0	0	0	0	-8.77644957451316	0.268626424825608	0
MCCC2	0.538176475301481	0	0	0	0.0854017988169833	-4.91273196809907	0.623578274118464	0
MGAT1	0.527952286745211	0	0	0	0	-8.77644957451316	0.527952286745211	0
MGAT2	0.375422427318271	0	0	0	0.0874474733799388	-7.2917385474275	0.46286990069821	0
MGAT3	0	0	0	0	0	-7.2917385474275	0	0
MGAT4C	0	0	0	0.2	0	-7.2917385474275	0.2	0
MMP1	0.433321147286344	0	0	0	0	-8.77644957451316	0.433321147286344	0
MMP9	0.494456775107464	0	0	0	0	-8.77644957451316	0.494456775107464	0
MMP10	0	0	0	0	0	-7.2917385474275	0	0
MMP13	0	0	0	0	0	-8.38901673453166	0	0
MMP14	0.506694773392943	0	0	0.2	0	-8.77644957451316	0.706694773392943	0
MMP25	0.384989824113175	0	0	0.4	0	-7.29983316647716	0.784989824113175	0
MMUT	0.476625939768792	0	0	0	0.0756848446429449	-3.32103525003047	0.552310784411737	0
MOCOS	0.539403984872772	0	0	0	0	-7.2917385474275	0.539403984872772	0
MOCS1	0.484994163412633	0	0	0	0	-6.28824110319128	0.484994163412633	0
MOCS2	0.566471432317896	0	0	0	0.0807990310503335	-7.30792778552683	0.647270463368229	0
MOCS3	0.59579371771849	0	0	0	0	-5.16810719825913	0.59579371771849	0
MPI	0.372556550278688	0	0	0	0	-5.18429643635846	0.372556550278688	0
MRI1	0.45377572532746	0	0	0	0	-4.91273196809907	0.45377572532746	0
MSMO1	0.347166508950476	0	0	0	0	-2.830042529174	0.347166508950476	0
MTR	0.57959082016004	0	0	0.6	0	-4.91273196809907	1.17959082016004	0
MUC2	0	0	0	0	0	-5.9162294123353	0	0
MUC4	0.59608751303024	0	0	0.6	0.558006776818189	-7.30792778552683	1.75409428984843	0
MUC17	0	0	0	0	0	-8.77644957451316	0	0
MUC19	0.610682453288016	0	0	0	0	-8.77644957451316	0.610682453288016	0
MVK	0.40685369629529	0	0	0	0	-2.50385264828901	0.40685369629529	0
NADSYN1	0.566743354134386	0	0	0	0.0582966108578233	-6.28824110319128	0.625039964992209	0
NCAN	0.401323895740736	0	0	0	0	-7.30792778552683	0.401323895740736	0
NDUFA2	0.181737797501561	0	0	0	0.140857199701956	-5.9162294123353	0.322594997203517	0
NDUFA11	0	0	0	0	0	-4.91273196809907	0	0
NDUFA13	0.484452229864684	0	0	0	0.0961415902724995	-4.24712833435949	0.580593820137184	0
NDUFAB1	0.137355539444182	0	0	0	0.295228489682759	-4.4991378856899	0.432584029126941	0
NDUFB1	0.466380095528137	0	0	0	0.137031335405423	-4.91273196809907	0.60341143093356	0
NDUFB2	0.306392498749708	0	0	0.2	0.00868900270615326	-7.30792778552683	0.515081501455861	0
NDUFB4	0.45291188043793	0	0	0	0	-7.2917385474275	0.45291188043793	0
NDUFB10	0.291185629934627	0	0	0	0	-4.4991378856899	0.291185629934627	0
NDUFS1	0.523510348683256	0	0	0	0	-3.93850811425626	0.523510348683256	0
NDUFS5	0.307407493888016	0	0	0	0.10023293939841	-6.30443034129061	0.407640433286426	0
NDUFS6	0.311288909332466	0	0	0	0	-7.2917385474275	0.311288909332466	0
NDUFS7	0.266448814382788	0	0.29000223635399	0	0	-6.30443034129061	0.556451050736778	0
NEU2	0.269510586961833	0	0	0	0	-8.77644957451316	0.269510586961833	0
NEU3	0.539138840616028	0	0	0.2	0	-7.2917385474275	0.739138840616028	0
NMNAT3	0.485573037267169	0	0	0.2	0	-4.56399824361087	0.685573037267169	0
NNT	0.554337607725385	0	0	0	0	-7.30792778552683	0.554337607725385	0
NSDHL	0.548835436189863	0	0	0	0	-4.23542440474783	0.548835436189863	0
OGDH	0.513930034392475	0	0	0	0.0680135650318619	-4.18079899212224	0.581943599424337	0
OMD	0.536287251148402	0	0	0	0	-8.77644957451316	0.536287251148402	0
P3H2	0.577816710975988	0	0	0.2	0	-8.77644957451316	0.777816710975988	0
PANK1	0	0	0	0	0	-5.18429643635846	0	0
PANK4	0.658142596896823	0	0	0	0	-3.05412661880373	0.658142596896823	0
PAPSS1	0.513887512730854	0	0	0	0.356733301151783	-5.9162294123353	0.870620813882637	0
PAPSS2	0.70423565584948	0	0	0	0	-7.2917385474275	0.70423565584948	0
PATL1	0.547175864508298	0	0	0	0	-7.30792778552683	0.547175864508298	0
PCCB	0.432512743355034	0	0	0	0	-6.30443034129061	0.432512743355034	0
PDCD1LG2	0	0	0	0	0	-8.77644957451316	0	0
PDHB	0.54857873311119	0	0	0.2	0	-6.30443034129061	0.74857873311119	0
PDK4	0	0	0	0	0.364672438367042	-4.50955100613624	0.364672438367042	0
PDP1	0.567505744336255	0	0	0	0	-8.77644957451316	0.567505744336255	0
PDP2	0.513098355343724	0	0	0	0	-7.2917385474275	0.513098355343724	0
PDPK1	0.618776779274338	0	0	0	0.342646433224936	-5.94587003716443	0.961423212499274	0
PDPR	0.191975946959811	0	0	0	0	-7.30792778552683	0.191975946959811	0
PEX3	0.465185747513486	0	0.29000223635399	0	0	-4.4991378856899	0.755187983867476	0
PEX19	0.426582493210921	0	0	0	0	-4.91273196809907	0.426582493210921	0
PGM3	0.377675992711336	0	0	0	0	-5.64932078110856	0.377675992711336	0
PIGA	0	0	0	0	0	-4.89904846571677	0	0
PIGH	0.47148338249655	0	0	0	0	-7.30792778552683	0.47148338249655	0
PIGK	0.258453080602858	0	0	0	0.0700592395948173	-0.749368272781341	0.328512320197675	0
PIGL	0	0	0	0	0	-7.30792778552683	0	0
PIGM	0.364514031812673	0	0	0	0	-3.79259806316693	0.364514031812673	0
PIGT	0.235880747221095	0	0	0	0.356228989001245	-4.4991378856899	0.59210973622234	0
PIGW	0	0	0	0	0	-6.92049494554533	0	0
PLOD1	0.64027567247579	0	0	0	0	-4.16460975402291	0.64027567247579	0
PMVK	0.455173330765705	0	0	0	0	-6.30443034129061	0.455173330765705	0
PNMT	0.401966263410763	0	0	0.2	0	-7.2917385474275	0.601966263410763	0
PPIA	0.526702819019379	0	0	0	0	-3.70923617898578	0.526702819019379	0
PPIB	0.592851519059145	0	0	0	0	-3.05412661880373	0.592851519059145	0
PRKCSH	0.672477053297641	0	0.29000223635399	0.2	0.117621173183532	-3.80239360023316	1.28010046283516	0
PRSS1	0.650516963336032	0	0	0	0	-7.38551929029543	0.650516963336032	0
PSAP	0.505502561369849	0	0	0	0.0209630500838861	-6.18125541220833	0.526465611453735	0
PSIP1	0.519689442388207	0	0.29000223635399	0	0.456894682109661	-3.90317325950985	1.26658636085186	0
PSPH	0	0	0	0.2	0.185632676460117	-0.304481652968796	0.385632676460117	0
PYCR1	0.509657610486098	0	0	0.2	0	-3.69304694088645	0.709657610486098	0
QPRT	0.434361126048664	0	0	0.2	0	-5.23892184898406	0.634361126048664	0
RFK	0.333709456674699	0	0	0	0	-2.75922787844907	0.333709456674699	0
RFT1	0.437529508020391	0	0	0	0	-4.91273196809907	0.437529508020391	0
RPN2	0.575096111235061	0	0	0	0	-3.69304694088645	0.575096111235061	0
SAT1	0.422531163231355	0	0	0.2	0.0914226132668026	-7.2917385474275	0.713953776498158	0
SDHA	0.558592083639336	0	0	0	0.121712522309443	-2.11179305557946	0.680304605948779	0
SDHD	0	0	0	0	0	-5.16810719825913	0	0
SEC23A	0.520760833088398	0	0	0	0	-3.05412661880373	0.520760833088398	0
SEC24C	0.575908517016303	0	0	0	0	-6.18125541220833	0.575908517016303	0
SEC24D	0.232975268922632	0	0	0	0	-5.36407281046687	0.232975268922632	0
SEMA6D	0	0	0	0	0	-7.30792778552683	0	0
SLC1A5	0.57133511377091	0	0	0.2	0	-7.77295213027693	0.77133511377091	0
SLC2A1	0.507235144238236	0	0	0	0	-5.17775796797211	0.507235144238236	0
SLC3A1	0.587346830717916	0	0.29000223635399	0	0	-7.2917385474275	0.877349067071906	0
SLC3A2	0.646219388071099	0	0	0	0	-5.17775796797211	0.646219388071099	0
SLC5A6	0.43111125476551	0	0	0.6	0	-7.77295213027693	1.03111125476551	0
SLC6A14	0	0	0	0.6	0	-8.38901673453166	0.6	0
SLC6A19	0.584430417487347	0	0	0	0	-7.2917385474275	0.584430417487347	0
SLC6A20	0	0	0	0	0	-4.88285922761744	0	0
SLC7A2	0.468705303944042	0	0	0	0.463322802062269	-2.87299962194971	0.932028106006311	0
SLC7A5	0.649482133214814	0	0	0.2	0	-7.77295213027693	0.849482133214814	0
SLC7A7	0.469957355080656	0	0	0	0	-8.77644957451316	0.469957355080656	0
SLC7A9	0	0	0	0	0	-5.9162294123353	0	0
SLC7A10	0	0	0	0.6	0	-8.77644957451316	0.6	0
SLC7A11	0.638188216090573	0	0.375232884126719	0	0	-7.77295213027693	1.01342110021729	0
SLC9A1	0.581215803904446	0	0	0	0	-7.2917385474275	0.581215803904446	0
SLC11A1	0	0	0	0	0	-4.24393890553473	0	0
SLC19A2	0.402825424204777	0	0	0	0	-6.19185321438848	0.402825424204777	0
SLC23A2	0	0	0	0	0	-4.94200555849249	0	0
SLC25A16	0.5308595929944	0	0.454708584546035	0.2	0.206096598031356	-2.53996798987357	1.39166477557179	0
SLC27A5	0.345669481179642	0	0	0	0	-7.2917385474275	0.345669481179642	0
SLC30A1	0.481685896863631	0	0	0	0	-2.75922787844907	0.481685896863631	0
SLC30A3	0	0	0	0	0	-5.16810719825913	0	0
SLC30A8	0.410899099783464	0	0	0	0	-8.77644957451316	0.410899099783464	0
SLC31A1	0.533699483511215	0	0	0.2	0	-8.77644957451316	0.733699483511215	0
SLC36A1	0	0	0	0.2	0	-7.2917385474275	0.2	0
SLC36A2	0	0	0	0	0	-8.77644957451316	0	0
SLC38A1	0.502081812104826	0	0	0	0	-6.30443034129061	0.502081812104826	0
SLC38A4	0.524770657912488	0	0	0	0	-7.2917385474275	0.524770657912488	0
SLC39A2	0.551974036751561	0	0	0	0	-8.77644957451316	0.551974036751561	0
SLC39A3	0.212134639266918	0	0	0	0.0741505887207283	-5.9162294123353	0.286285227987646	0
SLC39A4	0.369575043058867	0	0	0	0.0769238778351696	-6.904305707446	0.446498920894037	0
SLC39A5	0	0	0	0	0	-8.77644957451316	0	0
SLC39A6	0.442067837204654	0	0	0.2	0.4130550862894	-4.23542440474783	1.05512292349405	0
SLC40A1	0	0	0	0	0.379385815382319	-6.20804245248781	0.379385815382319	0
SLC41A1	0.387430327564193	0	0	0	0.103301451242844	-5.50263532992612	0.490731778807037	0
SLC41A2	0.391157276774284	0	0	0	0	-4.92581632039316	0.391157276774284	0
SLC43A2	0	0	0	0.6	0	-4.92581632039316	0.6	0
SMPD1	0.447469454531609	0	0	0	0	-7.2917385474275	0.447469454531609	0
SMPD3	0.364340031514891	0	0	0.2	0	-3.13671310289178	0.564340031514891	0
SMPD4	0.558750746771711	0	0	0	0	-3.50735009252524	0.558750746771711	0
SMS	0.457735750680568	0	0	0	0	-7.2917385474275	0.457735750680568	0
SQLE	0.297133142842983	0	0.29000223635399	0	0.509904153993194	-0.141777524979007	1.09703953319017	0
SQOR	0.480421703947217	0	0	0	0.267359904352262	-5.99567300315226	0.747781608299479	0
ST6GALNAC3	0.378570559075189	0	0	0	0	-6.3675702547031	0.378570559075189	0
ST6GALNAC4	0.37077180342017	0	0	0	0	-7.2917385474275	0.37077180342017	0
ST8SIA2	0	0	0	0	0	-7.2917385474275	0	0
ST8SIA3	0.349559622983443	0	0	0	0	-7.2917385474275	0.349559622983443	0
ST8SIA6	0	0	0	0	0	-6.38310584313376	0	0
STAT1	0.669087679989025	0	0	0	0.0639222159059509	-7.77295213027693	0.733009895894976	0
SULT1A2	0.549221314212237	0	0	0	0	-3.13671310289178	0.549221314212237	0
SULT1B1	0	0	0	0	0.192598192700992	-8.77644957451316	0.192598192700992	0
SULT1C2	0	0	0.340260480708051	0	0	-7.2917385474275	0.340260480708051	0
SULT1C4	0.670235459029227	0	0	0	0	-5.9162294123353	0.670235459029227	0
SULT2B1	0.505691308200256	0	0	0	0	-6.28824110319128	0.505691308200256	0
TDO2	0	0	0	0.6	0	-6.92049494554533	0.6	0
TECR	0.631156011232023	0	0.29000223635399	0	0	0.768649077367057	0.921158247586013	0
TH	0.435021590764426	0	0	0	0	-6.3675702547031	0.435021590764426	0
THTPA	0.493667762514893	0	0	0	0	-5.91699750130911	0.493667762514893	0
TIMP1	0	0	0	0	0	-8.77644957451316	0	0
TIMP2	0.39848566095941	0	0	0.2	0	-8.77644957451316	0.59848566095941	0
TLR7	0.375422427318271	0	0	0	0	-6.3675702547031	0.375422427318271	0
TLR9	0.497520508268794	0	0	0	0	-6.38310584313376	0.497520508268794	0
TM7SF2	0.41959044553177	0	0	0	0.265291011976038	-3.99122943617505	0.684881457507808	0
TPH1	0	0	0	0	0	-7.30792778552683	0	0
TPK1	0.317473862275145	0	0.29000223635399	0	0	-7.2917385474275	0.607476098629135	0
TRAF6	0.652825367055285	0	0.29000223635399	0	0	-7.77295213027693	0.942827603409275	0
TST	0	0	0	0	0.180014247353674	-7.2917385474275	0.180014247353674	0
UBE2N	0.65583144795715	0	0	0	0	-1.58560482981741	0.65583144795715	0
UGGT2	0.374606237952383	0	0	0	0	-6.30443034129061	0.374606237952383	0
UGT1A1	0.561142995523763	0	0	0	0.239665859201838	-5.50263532992612	0.800808854725601	0
UQCR11	0	0	0	0	0.00715474678393672	-6.904305707446	0.00715474678393672	0
UQCRB	0.474773698123842	0	0	0	0	-6.28824110319128	0.474773698123842	0
UQCRC2	0.51854900474405	0	0	0	0	-6.28824110319128	0.51854900474405	0
UQCRFS1	0.476074327544435	0	0	0	0	-5.16810719825913	0.476074327544435	0
UROD	0.576908198859053	0	0	0	0	-2.7754171165484	0.576908198859053	0
VSIG2	0.613238156281481	0	0	0.2	0	-3.51880468798631	0.813238156281481	0
ZAP70	0.563793395882231	0	0	0	0	-8.77644957451316	0.563793395882231	0
